== ../long/distinct-ref-16000.arena1.series.json  {'cell': 'distinct', 'addressed': True, 'live': 100, 'assets': 64, 'payload': 1048576, 'count': 16000}
 cycles          rss       in_use         free     heap_rss  anon_rw_rss         dhat
      0    117051392     88852384      5240928     87248896     11264000            0
   1000    231919616    203259696      4464848    201875456     11505664            0
   2000    343732224    317175936      2008960    313466880     11726848            0
   3000    459145216    430347584      4381376    428879872     11726848            0
   4000    573579264    544831008      4700640    543313920     11726848            0
   5000    684134400    658020800      1873472    653869056     11726848            0
   6000    797224960    771182128      1802704    766959616     11726848            0
   7000    910426112    884102448      2140880    880160768     11726848            0
   8000   1025933312   1000153440      1863328    995667968     11726848            0
   9000   1142132736   1113068592      5270480   1111867392     11726848            0
  10000   1252569088   1226533648      2196720   1222303744     11726848            0
  11000   1369157632   1340032304      5266128   1338892288     11726848            0
  12000   1480110080   1453012800      3078336   1449844736     11726848            0
  13000   1591824384   1565993632      1967456   1561559040     11726848            0
  14000   1705701376   1678979680      3001760   1675436032     11726848            0
  15000   1828225024   1798245120      5465344   1793167360     16519168            0
  16000   1941766144   1911225408      6026176   1906708480     16519168            0
least-squares slope, bytes per cycle, by quarter of the run:
          0..4000  rss   114225.7  in_use   113936.3  heap_rss   114111.8  anon_rw_rss      113.9  dhat        0.0
       4000..8000  rss   113451.7  in_use   113785.8  heap_rss   113451.7  anon_rw_rss        0.0  dhat        0.0
      8000..12000  rss   113550.1  in_use   113271.5  heap_rss   113550.1  anon_rw_rss        0.0  dhat        0.0
     12000..16000  rss   116516.5  in_use   115076.2  heap_rss   114919.0  anon_rw_rss     1597.4  dhat        0.0
after malloc_trim: rss 1935319040  (released 6447104)

== ../long/distinct-ref-16000.plain.series.json  {'cell': 'distinct', 'addressed': True, 'live': 100, 'assets': 64, 'payload': 1048576, 'count': 16000}
 cycles          rss       in_use         free     heap_rss  anon_rw_rss         dhat
      0    141762560     89731808     31251744      3031040    120266752            0
   1000    292200448    203626752     68159232      2441216    271294464            0
   2000    426061824    317576736     86845920      3682304    403914752            0
   3000    526819328    430794128     74623600      5222400    503132160            0
   4000    629727232    545294752     62543456      5222400    606040064            0
   5000    753889280    658520112     73480144      5222400    730202112            0
   6000    863473664    771750656     70321408      4542464    840466432            0
   7000    968232960    884689232     61654704      4542464    945225728            0
   8000   1086554112   1000787744     63877344      4542464   1063546880            0
   9000   1213763584   1113735552     78139008      4542464   1190756352            0
  10000   1321570304   1227245264     72436016      4542464   1298563072            0
  11000   1445904384   1340776928     83238432      4542464   1422897152            0
  12000   1560088576   1453790880     84408672      4542464   1537081344            0
  13000   1658310656   1566789984     69631648      4542464   1635303424            0
  14000   1783836672   1679781264     82166384      4542464   1761034240            0
  15000   1893826560   1799087008     72850528      4542464   1870819328            0
  16000   2008924160   1912099728     75230320      4894720   1985564672            0
least-squares slope, bytes per cycle, by quarter of the run:
          0..4000  rss   120018.9  in_use   113897.6  heap_rss      817.2  anon_rw_rss   119201.8  dhat        0.0
       4000..8000  rss   112281.9  in_use   113827.2  heap_rss     -204.0  anon_rw_rss   112485.9  dhat        0.0
      8000..12000  rss   116242.7  in_use   113308.8  heap_rss        0.0  anon_rw_rss   116242.7  dhat        0.0
     12000..16000  rss   114217.6  in_use   115100.6  heap_rss       47.0  anon_rw_rss   114170.7  dhat        0.0
after malloc_trim: rss 1944707072  (released 64217088)

== ../long/same-ref-32000.dhat.series.json  {'cell': 'same', 'addressed': True, 'live': 100, 'assets': 64, 'payload': 1048576, 'count': 32000}
 cycles          rss       in_use         free     heap_rss  anon_rw_rss         dhat
      0    139964416    107735056     34400240      2928640    116146176     69441717
   2000    179613696    111024048     80062544      2252800    156471296     71465655
   4000    191029248    113066528     83193312      3399680    166739968     73453946
   6000    196300800    116468000     78022368      3366912    172044288     74604775
   8000    198381568    119328704     75161664      3366912    174125056     77414683
  10000    207749120    120578832     89648368      3366912    185147392     78575547
  12000    209731584    121851696     85819600      3366912    187129856     79692065
  14000    210534400    122635152     85675120      3366912    187932672     80312780
  16000    217047040    127832256     91766592      3366912    194445312     85344119
  18000    221011968    128579584     93755392      3366912    198615040     85940237
  20000    232427520    134875808     99370336      3366912    209825792     87742362
  22000    236146688    136674960    100094320      3366912    213614592     89389511
  24000    239239168    137436576    100577888      3366912    216743936     90002567
  26000    242151424    138183280    102575504      3366912    219557888     90609612
  28000    244346880    138980176    103736496      3366912    221745152     91218555
  30000    256040960    148562496    105823680      3366912    233439232    100663751
  32000    257732608    149315536    108806192      4620288    234213376    101253111
least-squares slope, bytes per cycle, by quarter of the run:
          0..8000  rss     5692.6  in_use     1333.5  heap_rss       66.4  anon_rw_rss     5626.2  dhat      893.3
      8000..16000  rss     2170.3  in_use     1035.8  heap_rss        0.0  anon_rw_rss     2280.6  dhat      961.5
     16000..24000  rss     3110.4  in_use     1451.8  heap_rss        0.0  anon_rw_rss     3120.1  dhat      651.6
     24000..32000  rss     2665.5  in_use     1853.5  heap_rss       83.6  anon_rw_rss     2598.2  dhat     1775.4
after malloc_trim: rss 194387968  (released 63344640)

== ../long/same-ref-64000.arena1.series.json  {'cell': 'same', 'addressed': True, 'live': 100, 'assets': 64, 'payload': 1048576, 'count': 64000}
 cycles          rss       in_use         free     heap_rss  anon_rw_rss         dhat
      0     54984704     73951776      6391264     25124864     11272192            0
   4000     76488704     78822896      5571088     46166016     11735040            0
   8000     86196224     82925984      5072480     55873536     11735040            0
  12000     89313280     85464064      4172800     58990592     11735040            0
  16000     98086912     91444624      5085808     61624320     17874944            0
  20000    100225024     94181888      4609536     63762432     17874944            0
  24000    104374272     96785152      5479680     67911680     17874944            0
  28000    104841216     98349904      5782704     68378624     17874944            0
  32000    117100544    108734752      6809312     69722112     28790784            0
  36000    118149120    110299008      6064256     70770688     28790784            0
  40000    124387328    114047280      5035728     77008896     28790784            0
  44000    129110016    117664576      6440128     81731584     28790784            0
  48000    132128768    119227648      8219392     84750336     28790784            0
  52000    144457728    120185184     16400032     98574336     28790784            0
  56000    144957440    122294608     14290608     99074048     28790784            0
  60000    158195712    141478032      8144752    100651008     40452096            0
  64000    158359552    143027280      6595504    100782080     40452096            0
least-squares slope, bytes per cycle, by quarter of the run:
         0..16000  rss     2278.9  in_use      965.2  heap_rss     2058.9  anon_rw_rss      220.1  dhat        0.0
     16000..32000  rss     1164.5  in_use     1050.2  heap_rss      527.8  anon_rw_rss      636.8  dhat        0.0
     32000..48000  rss     1086.5  in_use      727.1  heap_rss     1086.5  anon_rw_rss        0.0  dhat        0.0
     48000..64000  rss     1612.9  in_use     1865.3  heap_rss      727.2  anon_rw_rss      971.8  dhat        0.0
after malloc_trim: rss 152031232  (released 6328320)

== ../long/same-ref-64000.plain.series.json  {'cell': 'same', 'addressed': True, 'live': 100, 'assets': 64, 'payload': 1048576, 'count': 64000}
 cycles          rss       in_use         free     heap_rss  anon_rw_rss         dhat
      0    106135552     73065808     38247088      1777664     85671936            0
   4000    159596544     77425216     85136832      2277376    138891264            0
   8000    173445120     81523792     89078704      2277376    152481792            0
  12000    172290048     84041280     84332992      2293760    151478272            0
  16000    175054848     89964432     78409840      2293760    154075136            0
  20000    175235072     92606224     75768048      2293760    154324992            0
  24000    175677440     95276080     73098192      2301952    154697728            0
  28000    175874048     96796896     71577376      2306048    155140096            0
  32000    186552320    107197344     71212128      2306048    165687296            0
  36000    186941440    108788144     69621328      2310144    165945344            0
  40000    187424768    112537088     65872384      2310144    166428672            0
  44000    187928576    116732624     61676848      2314240    167309312            0
  48000    188506112    117739168     60670304      2318336    167874560            0
  52000    190562304    119281248     59128224      2322432    169553920            0
  56000    190877696    120816096     61460000      3579904    169963520            0
  60000    210608128    140006496     62000032      3579904    189693952            0
  64000    210612224    142128000     59878528      3584000    189693952            0
least-squares slope, bytes per cycle, by quarter of the run:
         0..16000  rss     3184.4  in_use      943.6  heap_rss       18.5  anon_rw_rss     3165.9  dhat        0.0
     16000..32000  rss      679.4  in_use     1048.8  heap_rss        1.0  anon_rw_rss      685.2  dhat        0.0
     32000..48000  rss      126.5  in_use      740.2  heap_rss        0.7  anon_rw_rss      142.6  dhat        0.0
     48000..64000  rss     1777.1  in_use     1874.7  heap_rss       94.7  anon_rw_rss     1758.7  dhat        0.0
after malloc_trim: rss 162598912  (released 48013312)

== ../long/same-ref-rings16-64000.arena1.series.json  {'cell': 'same', 'addressed': True, 'live': 100, 'assets': 64, 'payload': 1048576, 'count': 64000}
 cycles          rss       in_use         free     heap_rss  anon_rw_rss         dhat
      0     44208128     12659776      4015040     14372864     11214848            0
   4000     49008640     16954208      4639904     19173376     11214848            0
   8000     51589120     21042768      3000752     21753856     11214848            0
  12000     52875264     23574000      1755664     23040000     11214848            0
  16000     62824448     29559104      5719744     24453120     19750912            0
  20000     62824448     32279872      2998976     24453120     19750912            0
  24000     65200128     34858640      2795888     26828800     19750912            0
  28000     66850816     36437120      2868096     28479488     19750912            0
  32000     80146432     46809824      5909792     33255424     28270592            0
  36000     81793024     48377536      5906752     34902016     28270592            0
  40000     85622784     52131904      5986240     38731776     28270592            0
  44000     89546752     55759216      6307472     42655744     28270592            0
  48000     91271168     57325248      6531392     44380160     28270592            0
  52000     93351936     58880896      6995072     46460928     28270592            0
  56000     94670848     60438560      6817760     47779840     28270592            0
  60000    114413568     79630336      7344128     50483200     45309952            0
  64000    115228672     81179488      6610080     51298304     45309952            0
least-squares slope, bytes per cycle, by quarter of the run:
         0..16000  rss      945.0  in_use      944.4  heap_rss      660.4  anon_rw_rss      284.5  dhat        0.0
     16000..32000  rss     1085.1  in_use     1049.7  heap_rss      588.2  anon_rw_rss      497.0  dhat        0.0
     32000..48000  rss      790.1  in_use      728.6  heap_rss      790.1  anon_rw_rss        0.0  dhat        0.0
     48000..64000  rss     1867.7  in_use     1858.4  heap_rss      447.8  anon_rw_rss     1419.9  dhat        0.0
after malloc_trim: rss 110235648  (released 4993024)

== ../long/same-ref-rings16-64000.plain.series.json  {'cell': 'same', 'addressed': True, 'live': 100, 'assets': 64, 'payload': 1048576, 'count': 64000}
 cycles          rss       in_use         free     heap_rss  anon_rw_rss         dhat
      0     66203648     14031248     27833968      1626112     46030848            0
   4000     69677056     18379392     26926464      2936832     48193536            0
   8000     78913536     22478624     32063712      2936832     57430016            0
  12000     78913536     24975664     29566672      2936832     57430016            0
  16000     85852160     30930528     30550432      2936832     64368640            0
  20000     87748608     33581856     29795552      2936832     66265088            0
  24000     89210880     36257728     28549184      2969600     67694592            0
  28000     91009024     37824656     28780400      2969600     69492736            0
  32000    104341504     48217760     31719776      2969600     82825216            0
  36000    106008576     49789760     31814848      2969600     84492288            0
  40000    108793856     53523168     30866720      2969600     87277568            0
  44000    112852992     57170160     31278864      2969600     91336704            0
  48000    113922048     58704352     30780960      3002368     92372992            0
  52000    115445760     60286352     30722672      3002368     93896704            0
  56000    117116928     61843824     30836368      3002368     95567872            0
  60000    142749696     80972432     39921008      3010560    121192448            0
  64000    142749696     82524224     38369216      3010560    121192448            0
least-squares slope, bytes per cycle, by quarter of the run:
         0..16000  rss     1010.1  in_use      943.0  heap_rss       43.7  anon_rw_rss      966.4  dhat        0.0
     16000..32000  rss     1155.5  in_use     1053.6  heap_rss        2.7  anon_rw_rss     1152.8  dhat        0.0
     32000..48000  rss      678.4  in_use      727.9  heap_rss        1.9  anon_rw_rss      676.5  dhat        0.0
     48000..64000  rss     2337.0  in_use     1853.6  heap_rss        0.7  anon_rw_rss     2336.3  dhat        0.0
after malloc_trim: rss 127201280  (released 15548416)

